     ~~~~~~PERFORMANCE TRACKER DATA~~~~~~ 2
OPEN_DOORS
[3002.317200, 3001.784700]
MOVING_UP
[4998.926900, 2998.184500, 2999.010800, 2998.380600, 2999.096000, 2998.493100, 2996.444600, 2996.098700, 2999.252100, 2998.346900, 2996.487100, 2998.704600, 2998.746500]
STOP
[7002.804800, 7001.915200]
IDLE
[0.911000, 0.659200, 0.449400]
ERROR_ELEVATOR_STUCK
[0.7002877800]
START
CLOSE_DOORS
[3002.417800, 3002.021800]
ERROR_DOOR_STUCK
DEAD
[0.5001625100]
MOVING_DOWN
REBOOT



     ~~~~~~PERFORMANCE TRACKER DATA~~~~~~ 4
OPEN_DOORS
[3001.775800, 13003.036000, 3002.518900, 3001.639500, 3001.640200, 3002.604800, 3001.828600]
MOVING_UP
[4995.762000, 2993.377300, 2998.834900, 2998.411200, 2998.444600, 2996.244700, 2998.925200, 2998.345800, 2999.065300, 2998.998000, 2997.878900, 5000.404400, 2999.292200, 2998.586900, 2999.747800, 2994.943500, 2999.304700, 2998.818900, 2999.270000, 2999.731800, 2999.567600]
STOP
[7001.768600, 7001.953600, 7001.792900, 7001.856100, 7000.582200, 7001.687200, 7001.806700]
IDLE
[1.574700, 0.422900, 0.328600, 0.339100, 0.358200, 0.412000, 0.504400, 0.296000]
ERROR_ELEVATOR_STUCK
START
CLOSE_DOORS
[3001.965500, 3001.809600, 3001.664900, 3001.858200, 3001.795000, 3001.842700, 3001.696600]
ERROR_DOOR_STUCK
[0.3002829500]
DEAD
MOVING_DOWN
[5000.048500, 2996.574000, 2999.331000, 4993.748600, 2999.251100, 5000.354000, 4994.039300, 2999.179000, 4999.863000, 2999.746300, 2999.170000, 2997.760400, 2997.207900, 2999.794300, 2999.572800]
REBOOT



     ~~~~~~PERFORMANCE TRACKER DATA~~~~~~ 3
OPEN_DOORS
[3002.070100, 3001.474800, 3002.650500, 3001.738500, 3001.653300, 3002.536100, 3002.215000]
MOVING_UP
[4987.100200, 2991.994000, 2998.179000, 2997.869900, 2998.562400, 2996.337000, 4998.122800, 4998.719800, 2998.176300, 2998.551100, 2998.623100, 2999.293800, 2996.000500, 2998.556400, 2989.544900, 2998.983700, 2995.722500, 3000.602900, 2999.458000, 2999.398300, 2994.038100, 2999.266700, 5000.071300, 2996.951700, 2999.656100, 2999.556400, 2998.236800, 2995.712900, 2999.547500, 2999.782500]
STOP
[7002.181000, 7002.132700, 7000.192000, 7001.472000, 7000.366700, 7001.678900, 7001.744200]
IDLE
[1.111700, 0.480900, 0.766000, 0.353000, 0.319800, 0.142700, 0.269100, 0.332800]
ERROR_ELEVATOR_STUCK
START
CLOSE_DOORS
[3002.129800, 3001.598000, 3001.959400, 3001.469400, 3001.885600, 3001.626300, 3001.686800]
ERROR_DOOR_STUCK
DEAD
MOVING_DOWN
[4997.909700, 2999.445900, 2999.140600, 2998.945100, 2999.197400, 2998.932800, 2999.265800, 2998.773700, 2999.496400, 2998.889900, 2999.183300, 2999.189200, 2999.273900, 2998.764700, 2998.726500, 2999.283900, 2999.340400, 2999.372200, 2999.579400]
REBOOT



     ~~~~~~PERFORMANCE TRACKER DATA~~~~~~ 1
OPEN_DOORS
[3002.538100, 3002.667200, 3001.818900, 3001.670400, 3001.829800, 3001.637900, 3001.603900, 3001.523700]
MOVING_UP
[4995.978800, 2998.710800, 2998.982700, 2998.612500, 2999.977100, 2989.993600, 2999.227000, 2994.706600, 2998.701300, 2998.879100, 2998.797500, 2997.763500, 2999.088300, 2999.088000, 2999.523700, 2999.679800, 2999.231400, 2997.024500, 2999.379700, 2998.549300, 4997.573600, 2999.375900, 2998.785700, 2999.136800, 3000.147400, 2999.651100, 2998.704900, 2999.049500, 2999.222600, 2999.471700, 2999.157000, 2999.928100, 2994.111400, 2997.861400, 2999.555200, 4999.603600, 2999.629200, 2998.964200, 2999.413900]
STOP
[7000.068300, 7001.979200, 7001.845900, 7000.507600, 7001.590500, 7000.762700]
IDLE
[1.702400, 0.917900, 0.890600, 0.415700, 0.348600, 0.350400, 0.341900, 0.227400, 2.982100]
ERROR_ELEVATOR_STUCK
START
CLOSE_DOORS
[3002.567700, 3003.166900, 3001.725300, 3001.763000, 3001.676200, 3001.608300, 3001.716500, 3001.554300]
ERROR_DOOR_STUCK
DEAD
MOVING_DOWN
[4999.882700, 2999.508500, 2998.458300, 2998.668400, 2999.226000, 2999.315500, 2999.539900, 4995.191300, 2999.269100, 2996.021300, 2999.435700, 2999.501700, 2999.561200, 2997.736900, 2999.388600, 2999.405700, 2999.557400, 5000.156200]
REBOOT