     ~~~~~~PERFORMANCE TRACKER DATA~~~~~~ 4
PROCESS_NEXT_SIGNAL_MOVING_UP
[1.008400, 0.003000, 0.001400, 0.002100, 0.002000, 0.001900, 0.003200, 0.008600, 0.002100, 0.001800, 0.002100, 0.001800, 0.424000, 0.001400, 0.001500, 0.001700, 0.015300, 0.001400, 0.001200, 0.001400, 0.001300, 0.001300, 0.001400]
PROCESS_NEXT_SIGNAL_IDLE
[1.619000, 0.599200, 0.372700, 0.321400, 0.379700, 0.502400, 0.361600, 0.290500]
EXTRACT_NEXT_SIGNAL_IDLE
[0.004300, 0.008900, 0.007300, 0.005700, 0.007000, 0.008800, 0.005600, 0.005800]
PROCESS_NEXT_SIGNAL_OPEN_DOORS
[0.083000, 0.150600, 0.041900, 0.086300, 0.119500, 0.046300, 0.042900]
PROCESS_NEXT_SIGNAL_START
PROCESS_NEXT_SIGNAL_CLOSE_DOORS
[0.073100, 0.089100, 0.040900, 0.054300, 0.103000, 0.065600, 0.047400]
EXTRACT_NEXT_SIGNAL_CLOSE_DOORS
[0.007500, 0.011900, 0.005000, 0.007300, 0.008200, 0.005900, 0.005200]
EXTRACT_NEXT_SIGNAL_STOP
[0.008400, 0.008000, 0.006700, 0.009400, 0.006400, 0.004800, 0.006700]
EXTRACT_NEXT_SIGNAL_REBOOT
[0.8600]
PROCESS_NEXT_SIGNAL_STOP
[0.134500, 0.123300, 0.045500, 0.059800, 0.002600, 0.044400, 0.096100]
PROCESS_NEXT_SIGNAL_ERROR_ELEVATOR_STUCK
PROCESS_NEXT_SIGNAL_ERROR_DOOR_STUCK
PROCESS_NEXT_SIGNAL_REBOOT
[0.121400]
EXTRACT_NEXT_SIGNAL_MOVING_UP
[0.009200, 0.006300, 0.006700, 0.006700, 0.013600, 0.011700, 0.006600, 0.011900, 0.007200, 0.006800, 0.008100, 0.006100, 0.005400, 0.004800, 0.007500, 0.008500, 0.006500, 0.006100, 0.004600, 0.006200, 0.004600, 0.005400, 0.005200]
EXTRACT_NEXT_SIGNAL_START
EXTRACT_NEXT_SIGNAL_DEAD
PROCESS_NEXT_SIGNAL_DEAD
EXTRACT_NEXT_SIGNAL_OPEN_DOORS
[0.007000, 0.007900, 0.004600, 0.008300, 0.007600, 0.006000, 0.006800]
EXTRACT_NEXT_SIGNAL_ERROR_DOOR_STUCK
EXTRACT_NEXT_SIGNAL_MOVING_DOWN
[0.006100, 0.006500, 0.005800, 0.005800, 0.004600, 0.003800, 0.008600, 0.007200, 0.004100, 0.012800, 0.005500, 0.007400, 0.007900, 0.003500, 0.005100, 0.008600, 0.007100, 0.006600, 0.006400, 0.004400]
PROCESS_NEXT_SIGNAL_MOVING_DOWN
[0.531400, 0.003400, 0.002900, 0.002200, 0.303100, 0.001400, 0.001700, 0.350400, 0.001200, 0.298200, 0.001300, 0.001500, 0.302400, 0.001000, 0.001300, 0.001600, 0.001600, 0.001800, 0.001600, 0.001500]
EXTRACT_NEXT_SIGNAL_ERROR_ELEVATOR_STUCK



     ~~~~~~PERFORMANCE TRACKER DATA~~~~~~ 2
PROCESS_NEXT_SIGNAL_MOVING_UP
[0.885300, 20.163200, 0.002100, 0.002900, 0.001500, 0.001800, 0.001900, 0.001800, 0.001800, 0.001800, 0.002000, 0.001800, 0.003600, 0.001800, 0.001800, 0.464600]
PROCESS_NEXT_SIGNAL_IDLE
[0.932500, 1.792900, 0.525900]
EXTRACT_NEXT_SIGNAL_IDLE
[0.019800, 0.011400, 0.007100]
PROCESS_NEXT_SIGNAL_OPEN_DOORS
[0.438600, 0.100200]
PROCESS_NEXT_SIGNAL_START
PROCESS_NEXT_SIGNAL_CLOSE_DOORS
[0.215000, 0.105600]
EXTRACT_NEXT_SIGNAL_CLOSE_DOORS
[0.006200, 0.008500]
EXTRACT_NEXT_SIGNAL_STOP
[0.006600, 0.006500, 0.004300]
EXTRACT_NEXT_SIGNAL_REBOOT
PROCESS_NEXT_SIGNAL_STOP
[0.221700, 0.118600, 0.091600]
PROCESS_NEXT_SIGNAL_ERROR_ELEVATOR_STUCK
PROCESS_NEXT_SIGNAL_ERROR_DOOR_STUCK
PROCESS_NEXT_SIGNAL_REBOOT
EXTRACT_NEXT_SIGNAL_MOVING_UP
[0.006400, 0.016700, 0.045500, 0.022100, 0.006400, 0.006300, 0.007600, 0.006700, 0.008000, 0.006300, 0.006800, 0.006300, 0.007700, 0.006900, 0.007000, 0.006600]
EXTRACT_NEXT_SIGNAL_START
EXTRACT_NEXT_SIGNAL_DEAD
[0.6800]
PROCESS_NEXT_SIGNAL_DEAD
[0.106700]
EXTRACT_NEXT_SIGNAL_OPEN_DOORS
[0.026800, 0.008500]
EXTRACT_NEXT_SIGNAL_ERROR_DOOR_STUCK
EXTRACT_NEXT_SIGNAL_MOVING_DOWN
PROCESS_NEXT_SIGNAL_MOVING_DOWN
EXTRACT_NEXT_SIGNAL_ERROR_ELEVATOR_STUCK



     ~~~~~~PERFORMANCE TRACKER DATA~~~~~~ 3
PROCESS_NEXT_SIGNAL_MOVING_UP
[0.871700, 0.001700, 0.003200, 0.002000, 0.002300, 0.002600, 0.002100, 0.372100, 0.001600, 0.402100, 0.001600, 0.001400, 0.001600, 0.001700, 0.001900, 0.002200, 0.001700, 0.009700, 0.001600, 0.002300, 0.001500, 0.001600, 0.002600, 0.307000, 0.000800, 0.001100, 0.001100, 0.001500, 0.001300, 0.001600, 0.362800, 0.001400, 0.001800, 0.001200, 0.001400, 0.001000, 0.001400, 0.001200, 0.009500]
PROCESS_NEXT_SIGNAL_IDLE
[4.285600, 0.517800, 0.573400, 0.959800, 0.374500, 0.309500, 0.589100, 0.362100]
EXTRACT_NEXT_SIGNAL_IDLE
[0.003800, 0.006500, 0.006400, 0.013200, 0.004900, 0.010000, 0.006300, 0.005500]
PROCESS_NEXT_SIGNAL_OPEN_DOORS
[0.122600, 0.093200, 0.089800, 0.067400, 0.056800, 0.060900, 0.035200]
PROCESS_NEXT_SIGNAL_START
PROCESS_NEXT_SIGNAL_CLOSE_DOORS
[0.183200, 0.049700, 0.055300, 0.058700, 0.054000, 0.044600, 0.063700]
EXTRACT_NEXT_SIGNAL_CLOSE_DOORS
[0.008000, 0.005900, 0.009500, 0.006100, 0.004900, 0.009600, 0.005100]
EXTRACT_NEXT_SIGNAL_STOP
[0.015400, 0.007900, 0.008000, 0.014500, 0.003800, 0.006200, 0.007900]
EXTRACT_NEXT_SIGNAL_REBOOT
PROCESS_NEXT_SIGNAL_STOP
[1.553900, 0.073100, 0.001700, 0.058700, 0.060100, 0.042600, 0.058300]
PROCESS_NEXT_SIGNAL_ERROR_ELEVATOR_STUCK
PROCESS_NEXT_SIGNAL_ERROR_DOOR_STUCK
PROCESS_NEXT_SIGNAL_REBOOT
EXTRACT_NEXT_SIGNAL_MOVING_UP
[0.006500, 0.003600, 0.023800, 0.005700, 0.005700, 0.010500, 0.007700, 0.004900, 0.005300, 0.006600, 0.004800, 0.004300, 0.006100, 0.008700, 0.006700, 0.008000, 0.006000, 0.026000, 0.008500, 0.008800, 0.011500, 0.006200, 0.007900, 0.002500, 0.003300, 0.003600, 0.006100, 0.006100, 0.014100, 0.005300, 0.010100, 0.018300, 0.008700, 0.005400, 0.005400, 0.004800, 0.006900, 0.005000, 0.033100]
EXTRACT_NEXT_SIGNAL_START
EXTRACT_NEXT_SIGNAL_DEAD
PROCESS_NEXT_SIGNAL_DEAD
EXTRACT_NEXT_SIGNAL_OPEN_DOORS
[0.006600, 0.005900, 0.007100, 0.006900, 0.004800, 0.005400, 0.004800]
EXTRACT_NEXT_SIGNAL_ERROR_DOOR_STUCK
EXTRACT_NEXT_SIGNAL_MOVING_DOWN
[0.022200, 0.005800, 0.007800, 0.006800, 0.008700, 0.008200, 0.008800, 0.006300, 0.012700, 0.007300, 0.006200, 0.011700, 0.010800, 0.006900, 0.008000, 0.008300, 0.008100, 0.008700, 0.007500, 0.006600, 0.003500]
PROCESS_NEXT_SIGNAL_MOVING_DOWN
[1.137000, 0.001300, 0.001500, 0.001500, 0.001600, 0.001700, 0.002000, 0.001500, 0.001400, 0.001100, 0.000900, 0.002000, 0.001500, 0.001400, 0.001000, 0.001700, 0.001700, 0.001700, 0.001500, 0.001300, 0.253300]
EXTRACT_NEXT_SIGNAL_ERROR_ELEVATOR_STUCK



     ~~~~~~PERFORMANCE TRACKER DATA~~~~~~ 1
PROCESS_NEXT_SIGNAL_MOVING_UP
[0.744200, 0.004500, 0.002400, 0.002000, 0.009100, 0.001800, 0.002100, 0.001800, 0.001800, 0.002100, 0.002000, 0.002800, 0.002400, 0.002500, 0.002400, 0.002600, 0.002000, 0.001700, 0.001600, 0.001900, 0.001900, 0.212400, 0.000900, 0.001200, 0.001600, 0.001300, 0.001300, 0.001300, 0.001400, 0.001200, 0.001300, 0.001300, 0.001600, 0.001500, 0.001800, 0.001400, 0.001600, 0.001400, 0.001100, 0.344400, 0.000900, 0.001600, 0.001300, 0.002900]
PROCESS_NEXT_SIGNAL_IDLE
[4.868000, 1.718300, 2.179800, 0.565900, 0.874400, 0.384800, 0.330000, 0.354200, 0.294200]
EXTRACT_NEXT_SIGNAL_IDLE
[0.008700, 0.007700, 0.007600, 0.009000, 0.009500, 0.005900, 0.005300, 0.005800, 0.005100]
PROCESS_NEXT_SIGNAL_OPEN_DOORS
[0.645000, 0.325000, 0.073000, 0.080900, 0.086800, 0.052500, 0.043100, 0.093600]
PROCESS_NEXT_SIGNAL_START
PROCESS_NEXT_SIGNAL_CLOSE_DOORS
[0.170900, 0.208200, 0.146000, 0.059600, 0.066700, 0.085100, 0.052900, 0.044300]
EXTRACT_NEXT_SIGNAL_CLOSE_DOORS
[0.005000, 0.005000, 0.007900, 0.008100, 0.006500, 0.007600, 0.004800, 0.005100]
EXTRACT_NEXT_SIGNAL_STOP
[0.007200, 0.006900, 0.006800, 0.004900, 0.004300, 0.004900]
EXTRACT_NEXT_SIGNAL_REBOOT
PROCESS_NEXT_SIGNAL_STOP
[0.002500, 0.063700, 0.125300, 0.007200, 0.045200, 0.001200]
PROCESS_NEXT_SIGNAL_ERROR_ELEVATOR_STUCK
PROCESS_NEXT_SIGNAL_ERROR_DOOR_STUCK
PROCESS_NEXT_SIGNAL_REBOOT
EXTRACT_NEXT_SIGNAL_MOVING_UP
[0.007000, 0.007200, 0.020900, 0.036500, 0.015200, 0.007300, 0.006300, 0.006700, 0.007800, 0.007200, 0.006700, 0.011600, 0.005600, 0.006900, 0.006500, 0.006400, 0.006700, 0.008300, 0.016300, 0.008100, 0.008000, 0.002600, 0.001600, 0.004800, 0.003200, 0.005900, 0.006200, 0.006300, 0.005000, 0.006100, 0.005100, 0.005300, 0.006300, 0.006600, 0.004900, 0.007600, 0.004900, 0.006100, 0.006000, 0.005100, 0.003000, 0.006100, 0.004600, 0.006300]
EXTRACT_NEXT_SIGNAL_START
EXTRACT_NEXT_SIGNAL_DEAD
PROCESS_NEXT_SIGNAL_DEAD
EXTRACT_NEXT_SIGNAL_OPEN_DOORS
[0.047500, 0.007300, 0.007000, 0.008600, 0.010500, 0.005100, 0.004800, 0.007000]
EXTRACT_NEXT_SIGNAL_ERROR_DOOR_STUCK
EXTRACT_NEXT_SIGNAL_MOVING_DOWN
[0.006900, 0.004900, 0.009900, 0.007100, 0.018700, 0.006800, 0.007700, 0.006700, 0.003200, 0.003000, 0.006100, 0.004300, 0.008500, 0.007800, 0.006600, 0.007500, 0.006300, 0.008500, 0.007600, 0.006700, 0.007400, 0.003900, 0.004000]
PROCESS_NEXT_SIGNAL_MOVING_DOWN
[0.442900, 0.001700, 0.002000, 0.001700, 0.001900, 0.001400, 0.001400, 0.003700, 0.558100, 0.001000, 0.001400, 0.001700, 0.001400, 0.001400, 0.001400, 0.001800, 0.001300, 0.002000, 0.001600, 0.001500, 0.001600, 0.337500, 0.001300]
EXTRACT_NEXT_SIGNAL_ERROR_ELEVATOR_STUCK